:"基本色"
"青（あお）" 0 0 255
"赤（あか）" 255 0 0
"黄（き）" 255 255 0
"黒（くろ）" 0 0 0
"白（しろ）" 255 255 255
"灰（はい）" 127 127 127
"緑（みどり）" 0 191 43
:"赤系統"
"赤（あか）" 255 0 0
"茜（あかね）" 255 56 89
"オレンジ" 255 165 0
"カーマイン" 255 48 96
"サーモンピンク" 255 148 140
"桜（さくら）" 255 228 227
"朱（しゅ）" 255 79 82
"菫（すみれ）" 230 128 230
"茶（ちゃ）" 166 30 30
"チェリー" 218 0 0
"マゼンタ" 235 42 142
"桃（もも）" 255 166 204
"煉瓦（れんが）" 178 34 34
"ローズピンク" 255 120 145
:"青系統"
"青（あお）" 0 0 255
"コバルトブルー" 12 92 230
"紺（こん）" 0 0 140
"スカイブルー" 105 173 255
"ターコイズ" 0 145 168
"マリンブルー" 67 61 166
"水（みず）" 153 230 255
"ライトブルー" 173 221 255
:"緑系統"
"アクアマリン" 127 255 211
"浅緑（あさみどり）" 169 217 188
"エメラルド" 0 242 166
"オリーブ" 134 143 109
"黄緑（きみどり）" 127 255 0
"森緑（しんりょく）" 33 142 33
"深緑（ふかみどり）" 15 120 30
"抹茶（まっちゃ）" 188 230 129
"緑（みどり）" 0 191 43
"萌葱（もえぎ）" 116 230 87
:"紫系統"
"ライラック" 204 168 230
"ラベンダー" 187 159 230
"青紫（あおむらさき）" 153 130 217
"紫（むらさき）" 201 111 217
"パープル" 176 48 133
:"黄系統"
"オレンジ" 255 165 0
"黄（き）" 255 255 0
"金（きん）" 255 215 0
"クリーム" 255 243 153
"肌（はだ）" 255 217 166
"ブロンド" 255 203 125

:"JIS慣用色"
"とき色" 249 161 208
"つつじ色" 207 75 148
"桜色" 255 219 237
"ばら色" 211 71 120
"からくれない" 227 85 127
"さんご色" 255 135 160
"紅梅色" 224 136 153
"桃色" 227 134 152
"紅色" 189 30 72
"紅赤" 185 41 70
"えんじ" 174 56 70
"蘇芳" 151 75 82
"茜色" 160 40 58
"赤" 191 30 51
"朱色" 237 81 78
"紅樺色" 161 70 65
"紅緋" 238 81 69
"鉛丹色" 211 80 60
"紅海老茶" 112 59 50
"とび色" 125 72 62
"小豆色" 148 98 89
"弁柄色" 138 64 49
"海老茶" 109 61 51
"金赤" 237 84 42
"赤茶" 177 82 55
"赤錆色" 146 58 33
"黄丹" 239 109 62
"赤橙" 237 85 27
"柿色" 224 96 48
"肉桂色" 185 119 97
"樺色" 189 74 29
"れんが色" 151 78 51
"錆色" 102 65 52
"檜皮色" 138 96 79
"栗色" 117 76 56
"黄赤" 228 94 0
"たいしゃ" 186 100 50
"らくだ色" 182 122 82
"黄茶" 187 100 33
"肌色" 244 190 155
"橙色" 253 126 0
"灰茶" 134 105 85
"茶色" 115 78 48
"焦茶" 89 70 57
"こうじ色" 255 167 94
"杏色" 221 162 115
"蜜柑色" 250 128 0
"褐色" 118 57 0
"土色" 169 110 45
"小麦色" 217 164 109
"こはく色" 191 120 58
"金茶" 224 134 26
"卵色" 255 206 123
"山吹色" 255 165 0
"黄土色" 193 138 57
"朽葉色" 137 120 104
"ひまわり色" 255 181 0
"うこん色" 252 172 0
"砂色" 201 185 168
"芥子色" 205 169 102
"黄色" 255 190 0
"たんぽぽ色" 255 190 0
"鶯茶" 112 97 58
"中黄" 250 212 58
"刈安色" 238 214 126
"きはだ色" 217 203 101
"みる色" 115 111 85
"ひわ色" 194 192 92
"鶯色" 113 113 74
"抹茶色" 189 191 146
"黄緑" 185 193 47
"苔色" 122 127 70
"若草色" 169 183 53
"萌黄" 150 170 61
"草色" 114 129 75
"若葉色" 175 194 151
"松葉色" 110 129 92
"白緑" 202 219 207
"緑" 77 181 106
"常磐色" 53 124 76
"緑青色" 95 131 109
"千歳緑" 74 105 86
"深緑" 0 87 49
"もえぎ色" 21 84 59
"若竹色" 73 165 129
"青磁色" 128 170 159
"青竹色" 122 170 172
"鉄色" 36 67 68
"青緑" 0 144 168
"錆浅葱" 108 141 155
"水浅葱" 122 153 170
"新橋色" 105 170 198
"浅葱色" 0 135 170
"白群" 132 181 207
"納戸色" 22 106 136
"かめのぞき" 140 180 206
"水色" 169 206 236
"藍鼠" 94 113 132
"空色" 149 192 236
"青" 0 103 192
"藍色" 46 75 113
"濃藍" 32 50 78
"勿忘草色" 146 175 228
"露草色" 61 124 206
"はなだ色" 60 99 155
"紺青" 61 73 107
"るり色" 52 81 164
"るり紺" 50 71 132
"紺色" 51 60 94
"かきつばた色" 76 93 171
"勝色" 56 60 87
"群青色" 65 79 163
"鉄紺" 35 37 56
"藤納戸" 104 105 168
"ききょう色" 74 73 173
"紺藍" 53 53 125
"藤色" 160 155 216
"藤紫" 148 139 219
"青紫" 112 76 188
"菫色" 109 82 171
"鳩羽色" 103 93 126
"しょうぶ色" 112 81 170
"江戸紫" 95 76 134
"紫" 162 96 191
"古代紫" 119 86 134
"なす紺" 71 56 79
"紫紺" 64 41 73
"あやめ色" 194 123 200
"牡丹色" 194 77 174
"赤紫" 197 78 160
"白" 241 241 241
"胡粉色" 242 232 236
"生成り色" 240 226 224
"象牙色" 227 212 202
"銀鼠" 160 160 160
"茶鼠" 159 145 144
"鼠色" 134 134 134
"利休鼠" 110 124 122
"鉛色" 121 122 136
"灰色" 121 121 121
"すす竹色" 96 84 72
"黒茶" 62 46 40
"墨" 49 49 49
"黒" 13 1 22
"鉄黒" 40 25 20
"ローズレッド" 199 79 144
"ローズピンク" 239 147 182
"コチニールレッド" 175 49 104
"ルビーレッド" 185 30 104
"ワインレッド" 131 39 78
"バーガンディー" 69 42 53
"オールドローズ" 201 127 150
"ローズ" 217 65 119
"ストロベリー" 187 30 94
"コーラルレッド" 255 135 160
"ピンク" 235 151 168
"ボルドー" 85 53 59
"ベビーピンク" 255 201 210
"ポピーレッド" 221 65 87
"シグナルレッド" 206 49 74
"カーマイン" 190 30 62
"レッド" 222 66 76
"トマトレッド" 222 66 76
"マルーン" 104 42 43
"バーミリオン" 237 81 78
"スカーレット" 222 67 53
"テラコッタ" 172 86 71
"サーモンピンク" 255 165 148
"シェルピンク" 251 204 195
"ネールピンク" 241 190 177
"チャイニーズレッド" 255 93 32
"キャロットオレンジ" 204 87 44
"バーントシェンナ" 168 89 60
"チョコレート" 82 55 47
"ココアブラウン" 117 76 56
"ピーチ" 235 192 175
"ローシェンナ" 187 100 33
"オレンジ" 253 126 0
"ブラウン" 115 78 49
"アプリコット" 221 162 115
"タン" 165 111 63
"マンダリンオレンジ" 253 149 30
"コルク" 165 129 97
"エクルベイジュ" 248 207 174
"ゴールデンイエロー" 243 154 56
"マリーゴールド" 255 160 0
"バフ" 197 153 109
"アンバー" 179 125 64
"ブロンズ" 129 90 43
"ベージュ" 193 171 150
"イエローオーカー" 193 138 57
"バーントアンバー" 91 70 42
"セピア" 74 59 42
"カーキー" 154 117 58
"ネープルスイエロー" 227 180 102
"ブロンド" 227 180 102
"ネープルスイエロー" 242 194 107
"レグホーン" 225 197 155
"ローアンバー" 127 92 19
"クロムイエロー" 255 188 0
"イエロー" 255 204 0
"クリームイエロー" 232 213 175
"ジョンブリアン" 255 204 0
"カナリア" 247 213 78
"オリーブドラブ" 104 98 78
"オリーブ" 96 86 39
"レモンイエロー" 232 200 0
"オリーブグリーン" 86 88 56
"シャトルーズグリーン" 189 212 88
"リーフグリーン" 135 157 78
"グラスグリーン" 115 124 62
"シーグリーン" 154 185 97
"アイビーグリーン" 81 106 57
"アップルグリーン" 176 211 168
"ミントグリーン" 129 204 145
"グリーン" 42 155 80
"コバルトグリーン" 93 194 136
"エメラルドグリーン" 77 165 115
"マラカイトグリーン" 0 128 71
"ボトルグリーン" 38 68 53
"フォレストグリーン" 62 121 92
"ビリジアン" 21 111 92
"ビリヤードグリーン" 0 72 64
"ピーコックグリーン" 0 127 145
"ナイルブルー" 81 144 164
"ピーコックブルー" 0 112 139
"ターコイズブルー" 57 158 204
"マリンブルー" 0 81 117
"ホリゾンブルー" 145 178 210
"シアン" 33 157 221
"スカイブルー" 149 192 236
"セルリアンブルー" 11 116 175
"ベビーブルー" 171 189 218
"サックスブルー" 98 125 161
"ブルー" 49 112 185
"コバルトブルー" 40 99 171
"アイアンブルー" 61 73 107
"プルシャンブルー" 61 73 107
"ミッドナイトブルー" 0 21 45
"ヒアシンス" 117 134 187
"ネービーブルー" 51 60 94
"ウルトラマリンブルー" 65 79 163
"オリエンタルブルー" 55 67 143
"ウイスタリア" 119 110 210
"パンジー" 64 49 126
"ヘリオトロープ" 131 109 197
"バイオレット" 109 82 171
"ラベンダー" 158 142 174
"モーブ" 131 95 168
"ライラック" 194 162 218
"オーキッド" 199 161 215
"パープル" 162 96 191
"マゼンタ" 201 73 162
"チェリーピンク" 207 97 165
"ホワイト" 255 255 251
"スノーホワイト" 244 251 254
"アイボリー" 227 212 202
"スカイグレイ" 186 186 198
"パールグレイ" 173 173 173
"シルバーグレイ" 160 160 160
"アッシュグレイ" 147 147 147
"ローズグレイ" 147 132 139
"グレイ" 121 121 121
"スチールグレイ" 115 108 121
"スレートグレイ" 86 85 94
"チャコールグレイ" 78 72 84
"ランプブラック" 34 24 24
"ブラック" 28 28 28

:"メタセコイア標準色"
"背景" 30 65 90
"オブジェクト" 229 127 178
"選択時" 127 229 178
"作業用" 77 191 217
"ハイライト" 225 225 0
"淡色" 111 111 167
"X軸" 255 0 0
"Y軸" 0 204 0
"Z軸" 0 0 255
"中心軸" 255 255 0
"操作軸" 0 255 255
"UV展開" 77 191 217
"YZ平面" 117 101 101
"ZX平面" 91 105 91
"XY平面" 111 111 127
"粘土(+)" 255 127 0
"粘土(-)" 255 63 0
